2.8542150000000002e+21 2.0628043764994282e+23 1.7986344954818928e+17 17283819.155702169985      2069075.348785966 7.2272204950987799e+01  0.9818671160708826 0.4 0.56410302303668847 0.40000000000000002 radiative 
1.1416882836562801e+31 7.1753528976652904e+32 1.7106959034678230e+17 16940692.876687843353   3302745654.191494942 5.7208633320547506e+01  1.0054086459878244 0.4 0.51765065000783428 0.40000000000000002 radiative 
2.2833765670271388e+31 1.3281816367397895e+33 1.6599241271301699e+17 16737748.586383542046   4176848368.695904255 5.0226081447656554e+01  1.0198284455522408 0.4 0.49483159058374226 0.40000000000000002 radiative 
3.4250648503979970e+31 1.8716714070580244e+33 1.6179834186077664e+17 16567249.335885055363   4795934730.188739777 4.5230928765746143e+01  1.0327662774150992 0.4 0.47806348857363185 0.40000000000000002 radiative 
4.5667531337688565e+31 2.3650060747825928e+33 1.5808306110101005e+17 16414032.511562332511   5293689262.942663193 4.1311118101066185e+01  1.0461046305863104 0.4 0.46534421273196036 0.40000000000000002 radiative 
5.7084414171397147e+31 2.8173985682896809e+33 1.5472406839095094e+17 16273554.180979743600   5716302364.047559738 3.8123642888046547e+01  1.0585985044330124 0.4 0.45461161207550771 0.40000000000000002 radiative 
6.8501297005105729e+31 3.2366900413733464e+33 1.5160554908367754e+17 16141517.076715625823   6089417340.612927437 3.5434821338533148e+01  1.0705775559168214 0.4 0.44556230018278264 0.40000000000000002 radiative 
7.9918179838814320e+31 3.6280818229301716e+33 1.4867216121257907e+17 16015894.137675089762   6426026083.762707710 3.3118569939700180e+01  1.0821921698687698 0.4 0.43783558968908143 0.40000000000000002 radiative 
9.1335062672522911e+31 3.9946371926928925e+33 1.4590456692094950e+17 15895985.241000313312   6733589560.004642487 3.1102453124156629e+01  1.0934828795890419 0.4 0.43104356709378094 0.40000000000000002 radiative 
1.0275194550623148e+32 4.3391511653963779e+33 1.4328077139146253e+17 15780987.567076349631   7017818885.863360405 2.9327909931497821e+01  1.1045041559005668 0.4 0.42499475368875878 0.40000000000000002 radiative 
1.1416882833994008e+32 4.6641784865693919e+33 1.4077989554580472e+17 15670141.936761634424   7283296080.466539383 2.7749120646796168e+01  1.1153109249780013 0.4 0.41958772951844392 0.40000000000000002 radiative 
1.2558571117364867e+32 4.9720336325345896e+33 1.3838217604467560e+17 15562732.811387967318   7533474065.544900894 2.6329879317776101e+01  1.1259580960359896 0.4 0.41476591027413778 0.40000000000000002 radiative 
1.3700259400735724e+32 5.2647908104085240e+33 1.3606896528778760e+17 15458088.292760528624   7770676665.432213783 2.5041321942794621e+01  1.1365001386793827 0.4 0.41049517664321616 0.40000000000000002 radiative 
1.4841947684106583e+32 5.5440173223024036e+33 1.3382887956713550e+17 15355826.160826958716   7996583023.794198990 2.3863155609992930e+01  1.1469659592793351 0.4 0.40671631389774021 0.40000000000000002 radiative 
1.5983635967477442e+32 5.8105638897296827e+33 1.3166054139036670e+17 15255985.298780074343   8212657329.915916443 2.2782985781294546e+01  1.1573430194955761 0.4 0.40331992315970971 0.40000000000000002 radiative 
1.7125324250848298e+32 6.0652798715175671e+33 1.2955944879385939e+17 15158487.897257864475   8419841533.105935097 2.1788858587993211e+01  1.1676302102612137 0.4 0.40023329963944615 0.40000000000000002 radiative 
1.8267012534219159e+32 6.3089683180422868e+33 1.2752126243730982e+17 15063256.515242235735   8619005150.642721176 2.0870550948610145e+01  1.1778266899666585 0.4 0.39740160336577035 0.39740160336577035 convective
1.9408700817590016e+32 6.5423851915581218e+33 1.2554182723030714e+17 14970214.918884105980   8810947131.100908279 2.0019296470565237e+01  1.1879318071585323 0.4 0.39478236779337422 0.39478236779337422 convective
2.0550389100960873e+32 6.7662393661974151e+33 1.2361717233233330e+17 14879288.081503413618   8996395854.351308823 1.9227551253322527e+01  1.1979451059092969 0.4 0.39234191681423031 0.39234191681423031 convective
2.1692077384331734e+32 6.9811926279705678e+33 1.2174351115276315e+17 14790402.183589110151   9176009131.560911179 1.8488800772540788e+01  1.2078663311541697 0.4 0.39005291539603015 0.39005291539603015 convective
2.2833765667702591e+32 7.1878596747660359e+33 1.1991724135086438e+17 14703484.612799163908   9350374205.192873001 1.7797400239380842e+01  1.2176954339871147 0.4 0.38789265776999826 0.38789265776999826 convective
2.3975453951073449e+32 7.3868081163503373e+33 1.1813494483579754e+17 14618463.963960558176   9520007749.006528854 1.7148442293782452e+01  1.2250907309793255 0.4 0.38510569180698523 0.38510569180698523 convective
2.5117142234444310e+32 7.5785584743680455e+33 1.1639338776661597e+17 14535270.039069296792   9685355868.057390213 1.6537647064098653e+01  1.2290878001088343 0.4 0.38140419659438973 0.38140419659438973 convective
2.6258830517815167e+32 7.7635841823417925e+33 1.1468952055226595e+17 14453833.847290394828   9846794098.697135925 1.5961270567326657e+01  1.2329560533439525 0.4 0.37781245993082546 0.37781245993082546 convective
2.7400518801186024e+32 7.9423115856722684e+33 1.1302047785158656e+17 14374087.604957884178  10004627408.573627472 1.5416028181295458e+01  1.2366903857974625 0.4 0.37431341923920947 0.37431341923920947 convective
2.8542207084556885e+32 8.1151199416382229e+33 1.1138357857330971e+17 14295964.735574815422  10159090196.630895615 1.4899030529797338e+01  1.2402860058055183 0.4 0.37089144481563568 0.37089144481563568 convective
2.9683895367927742e+32 8.2823401849557073e+33 1.0977639438171827e+17 14219402.231337381527  10310351110.816673279 1.4407747273344867e+01  1.2437384947800296 0.4 0.36753198553667360 0.36753198553667360 convective
3.0825583651298600e+32 8.4442084893529600e+33 1.0819903737471822e+17 14144400.014976339415  10458679803.145040512 1.3940471370319312e+01  1.2470473778600131 0.4 0.36422198540582773 0.36422198540582773 convective
3.1967271934669460e+32 8.6009236020901976e+33 1.0665132062145973e+17 14070893.636680046096  10604287844.838180542 1.3495432492698731e+01  1.2502214606498081 0.4 0.36095766510408400 0.36095766510408400 convective
3.3108960218040318e+32 8.7526890567047058e+33 1.0513218562324760e+17 13998783.551150290295  10747316176.737979889 1.3070821832407971e+01  1.2532706613955915 0.4 0.35773844767940560 0.35773844767940560 convective
3.4250648501411175e+32 8.8997010193827226e+33 1.0364061115845819e+17 13927975.413324298337  10887900450.870262146 1.2665032138625081e+01  1.2562044976513866 0.4 0.35456449898647824 0.35456449898647824 convective
3.5392336784782032e+32 9.0421482889594397e+33 1.0217561328253944e+17 13858380.078374732286  11026171030.444774628 1.2276630998384306e+01  1.2590320506821464 0.4 0.35143648104263758 0.35143648104263758 convective
3.6534025068152897e+32 9.1802122969189966e+33 1.0073624532801077e+17 13789913.601709691808  11162252989.855190277 1.1904338336086528e+01  1.2617619323124509 0.4 0.34835535366752124 0.34835535366752124 convective
3.7675713351523754e+32 9.3140671073944873e+33 9.9321597904463232e+16 13722497.238972719759  11296266114.679115295 1.1547007385209055e+01  1.2644022540784630 0.4 0.34532221466468876 0.34532221466468876 convective
3.8817401634894611e+32 9.4438794171679550e+33 9.7930798898559376e+16 13656057.446042791009  11428324901.678081512 1.1203608527306930e+01  1.2696150283187904 0.4 0.34305540924483141 0.34305540924483141 convective
3.9959089918265469e+32 9.5698085556703976e+33 9.6563013474033328e+16 13590525.879034321755  11558538558.797552109 1.0873215506775390e+01  1.2766247322469619 0.4 0.34132410953345071 0.34132410953345071 convective
4.1100778201636326e+32 9.6920064849817619e+33 9.5217444071690752e+16 13525839.394297165796  11687011005.166912079 1.0554993620757353e+01  1.2835817660129969 0.4 0.33962299871437729 0.33962299871437729 convective
4.2242466485007183e+32 9.8106177998309482e+33 9.3893330409408896e+16 13461940.048416614532  11813840871.099481583 1.0248189556689553e+01  1.2904929978931636 0.4 0.33795366781486214 0.33795366781486214 convective
4.3384154768378048e+32 9.9257797275958071e+33 9.2589949482136496e+16 13398775.098213396966  11939121498.092504501 9.9521226089476880e+00  1.2973646815484927 0.4 0.33631737792711730 0.33631737792711730 convective
4.4525843051748905e+32 1.0037622128303139e+34 9.1306615561893904e+16 13336297.000743681565  12062940938.827156067 9.6661770537480791e+00  1.3042024145182012 0.4 0.33471501072769105 0.33471501072769105 convective
4.5667531335119762e+32 1.0146267494628701e+34 9.0042680197773024e+16 13274463.413299074396  12185381957.168537140 9.3897955001607087e+00  1.3110110974144702 0.4 0.33314702726138007 0.33314702726138007 convective
4.6809219618490620e+32 1.0251830951897197e+34 8.8797532215937232e+16 13213237.193406617269  12306522028.165676117 9.1224730665792588e+00  1.3177948936769786 0.4 0.33161343351335415 0.33161343351335415 convective
4.7950907901861477e+32 1.0354420258082286e+34 8.7570597719621552e+16 13152586.398828793317  12426433338.051536560 8.8637522576989216e+00  1.3245571897590471 0.4 0.33011375156357403 0.33011375156357403 convective
4.9092596185232334e+32 1.0454135803806574e+34 8.6361340089132512e+16 13092484.287563521415  12545182784.243000031 8.6132184380994765e+00  1.3313005556341670 0.4 0.32864699534497743 0.32864699534497743 convective
5.0234284468603199e+32 1.0551070612341626e+34 8.5169259981848176e+16 13032909.317844159901  12662831975.340885162 8.3704958158210143e+00  1.3380267055328414 0.4 0.32721165022146015 0.32721165022146015 convective
5.1375972751974056e+32 1.0645310339607950e+34 8.3993895332218208e+16 12973845.148139504716  12779437231.129932404 8.1352438635684816e+00  1.3447364588443422 0.4 0.32580565577074572 0.32580565577074572 convective
5.2517661035344913e+32 1.0736933274175011e+34 8.2834821351763808e+16 12915280.637153789401  12895049582.578815460 7.9071541169615402e+00  1.3514297011467962 0.4 0.32442639130665790 0.32442639130665790 convective
5.3659349318715771e+32 1.0826010337261224e+34 8.1691650529077696e+16 12857209.843826685101  13009714771.840133667 7.6859472990229358e+00  1.3581053453616214 0.4 0.32307066380935073 0.32307066380935073 convective
5.4801037602086628e+32 1.0912605082733958e+34 8.0564032629824176e+16 12799632.027333302423  13123473252.250413895 7.4713707282363018e+00  1.3647612930649167 0.4 0.32173469805403870 0.32173469805403870 convective
5.5942725885457485e+32 1.0996773697109530e+34 7.9451654696739088e+16 12742551.647084187716  13236360188.330112457 7.2631959743036356e+00  1.3713943960291637 0.4 0.32041412884125398 0.32041412884125398 convective
5.7084300000000008e+32 1.1078556763335793e+34 7.8354335414271712e+16 12685983.362638743594  13348396060.409238815 7.0612341529390719e+00  1.3779998193703509 0.4 0.31910413889489636 0.31910413889489636 convective
6.1650482289364575e+32 1.1383516550374905e+34 7.4108664171406656e+16 12464244.206353990361  13788779551.346702576 6.3103861257134097e+00  1.4042285648514257 0.4 0.31400259957851234 0.31400259957851234 convective
6.6216664578729150e+32 1.1656082720875618e+34 7.0078422267043024e+16 12248989.107551690191  14218352873.493188858 5.6409757272422167e+00  1.4302268549116570 0.4 0.30911768900879272 0.30911768900879272 convective
7.0782846868093725e+32 1.1899737878381982e+34 6.6246978379134712e+16 12039542.746035929769  14638969323.674329758 5.0424122853496405e+00  1.4560364634896330 0.4 0.30440936581896755 0.30440936581896755 convective
7.5349029157458300e+32 1.2117534114096267e+34 6.2600211674237232e+16 11835342.425439083949  15052194643.825199127 4.5060402121786494e+00  1.4816899430066579 0.4 0.29984492463149015 0.29984492463149015 convective
7.9915211446822903e+32 1.2312687313643759e+34 5.9133349335759872e+16 11636221.675851166248  15459059930.050758362 4.0255237326648388e+00  1.5071894693985106 0.4 0.29541059682183790 0.29541059682183790 convective
8.4481393736187478e+32 1.2487510439705283e+34 5.5837019760713936e+16 11441908.913742247969  15860616036.364772797 3.5948070559505938e+00  1.5325326434269197 0.4 0.29107379060193961 0.29107379060193961 convective
8.9047576025552053e+32 1.2643756766560806e+34 5.2698157309073152e+16 11251978.210622042418  16258017370.868064880 3.2081531741958065e+00  1.5577254244006877 0.4 0.28679734477509167 0.28679734477509167 convective
9.3613758314916628e+32 1.2783083604036369e+34 4.9704934697838016e+16 11066021.294067677110  16652361373.922279358 2.8606170567999256e+00  1.5833594339119064 0.4 0.28265667839599157 0.28265667839599157 convective
9.8179940604281203e+32 1.2907052297504099e+34 4.6846763001035624e+16 10883647.547723695636  17044688518.149869919 2.5479237308340315e+00  1.6229039399245258 0.4 0.28095005242890214 0.28095005242890214 convective
1.0274612289364581e+33 1.3017128227882199e+34 4.4114291649719848e+16 10704484.011302053928  17435982308.434104919 2.2663687945935500e+00  1.6493739492049064 0.4 0.27690800937841725 0.27690800937841725 convective
1.0731230518301038e+33 1.3114680811634956e+34 4.1499408431971240e+16 10528175.380582123995  17827169281.919071198 2.0127357637559249e+00  1.6408663484423569 0.4 0.26715367917264504 0.26715367917264504 convective
1.1187848747237496e+33 1.3200983500772731e+34 3.8995239492897024e+16 10354384.007410693914  18219119008.009666443 1.7842263682353177e+00  1.6632172777941505 0.4 0.26258716836354495 0.26258716836354495 convective
1.1644466976173953e+33 1.3277213782851974e+34 3.6596149334631120e+16 10182789.899701958522  18612644088.371608734 1.5784010511420679e+00  1.6978297805727185 0.4 0.25989625885338291 0.25989625885338291 convective
1.2101085205110411e+33 1.3344453180975207e+34 3.4297740816334168e+16 10013090.721437536180  19008500156.931423187 1.3931276825080301e+00  1.7328200902920909 0.4 0.25714207006687051 0.25714207006687051 convective
1.2557703434046868e+33 1.3403687253791037e+34 3.2096855154193472e+16  9845001.792666452006  19407385879.876461029 1.2265370230689376e+00  1.7682556493228414 0.4 0.25433649951844517 0.25433649951844517 convective
1.3014321662983328e+33 1.3455805595494153e+34 2.9991571921423040e+16  9678256.089505149052  19809942955.654880524 1.0769838413206911e+00  1.8042260973742008 0.4 0.25150128380704251 0.25150128380704251 convective
1.3470939891919786e+33 1.3501601835825318e+34 2.7981209048263604e+16  9512604.244137484580  20216756114.975654602 9.4301285333555074e-01  1.8408521125410315 0.4 0.24867111756737623 0.24867111756737623 convective
1.3927558120856243e+33 1.3541773640071380e+34 2.6066322821982556e+16  9347814.544814731926  20628353120.808578491 8.2332885313174298e-01  1.8782974818725273 0.4 0.24589780581061937 0.24589780581061937 convective
1.4384176349792701e+33 1.3576932990885104e+34 2.4247391680484152e+16  9183867.077303122729  21045299085.517124176 7.1677654497087484e-01  1.9166549611138042 0.4 0.24320560052054283 0.24320560052054283 convective
1.4840794578729158e+33 1.3607597232272245e+34 2.2519426932483384e+16  9021061.300843276083  21468461215.167175293 6.2216320997214092e-01  1.9557305226909785 0.4 0.24049740384271842 0.24049740384271842 convective
1.5297412807665619e+33 1.3634207318484054e+34 2.0876523745871004e+16  8859359.181033393368  21898782812.539340973 5.3827237883667689e-01  1.9954383322215674 0.4 0.23771109441714547 0.23771109441714547 convective
1.5754031036602073e+33 1.3657179220590407e+34 1.9313585405864896e+16  8698636.368188632652  22337299602.059307098 4.6400382023408832e-01  2.0423123059538688 0.4 0.23555913624358824 0.23555913624358824 convective
1.6210649265538534e+33 1.3676904841434933e+34 1.7826307924208364e+16  8538691.810994084924  22785142591.386856079 3.9836834298931301e-01  2.1155719271001203 0.4 0.23608127833713044 0.23608127833713044 convective
1.6667267494474991e+33 1.3693752015635003e+34 1.6411180039170260e+16  8379247.756504789926  23243538071.415824890 3.4047971482105788e-01  2.0801458763722858 0.4 0.22439946448226358 0.22439946448226358 convective
1.7123885723411449e+33 1.3708064509581744e+34 1.5065483215544880e+16  8219949.750145728700  23713807616.274162292 2.8954614870918904e-01  2.1250096534380911 0.4 0.22140704164782390 0.22140704164782390 convective
1.7580503952347909e+33 1.3720162021440025e+34 1.3787291644652008e+16  8060366.635711821727  24197368083.323879242 2.4486155053071487e-01  2.1878683873645306 0.4 0.21996783304113204 0.21996783304113204 convective
1.8037122181284364e+33 1.3730340181148465e+34 1.2575472244336936e+16  7899990.555367939174  24695731613.161075592 2.0579667453037900e-01  2.2534530388480021 0.4 0.21843934452594099 0.21843934452594099 convective
1.8493740410220824e+33 1.3738870550419435e+34 1.1429684658970388e+16  7738236.949648881331  25210505629.615943909 1.7179029885078245e-01  2.3224131016052749 0.4 0.21691130519427571 0.21691130519427571 convective
1.8950358639157281e+33 1.3746000431729112e+34 1.0350376817677736e+16  7574445.455410080031  25743393846.838691711 1.4234050592488459e-01  2.3956506289759378 0.4 0.21551895929451056 0.21551895929451056 convective
1.9406976868093739e+33 1.3751919513464042e+34 9.3370451951369280e+15  7408358.911579282023  26296341649.856231689 1.1699973973332352e-01  2.4738039849211502 0.4 0.21430998685986744 0.21430998685986744 convective
1.9863595097030199e+33 1.3756774675704828e+34 8.3862011529625980e+15  7240652.763458732516  26871617797.572433472 9.5356613005111709e-02  2.5564017352173094 0.4 0.21305540380697144 0.21305540380697144 convective
2.0320213325966654e+33 1.3760711855958031e+34 7.4946591534327680e+15  7071662.195877281949  27472030014.733215332 7.7000613888280153e-02  2.7064300704661237 0.4 0.21663348944789035 0.21663348944789035 convective
2.0776831554903114e+33 1.3763866363867559e+34 6.6599405624182830e+15  6901181.028225211427  28101039661.450660706 6.1535291056224364e-02  2.7192350474654812 0.4 0.20860986387053845 0.20860986387053845 convective
2.1233449783839572e+33 1.3766362881214665e+34 5.8802736493828790e+15  6728461.714454249479  28762761733.202934265 4.8592580433787905e-02  2.7600182744944783 0.4 0.20248613662725334 0.20248613662725334 convective
2.1690068012776029e+33 1.3768315461917947e+34 5.1545935873831310e+15  6552215.343077562749  29461964860.834339142 3.7840603945151548e-02  2.8851051563142267 0.4 0.20201034418726080 0.20201034418726080 convective
2.2146686241712487e+33 1.3769827532008290e+34 4.4825424614882545e+15  6370611.699646257795  30204071324.073265076 2.8986362272682489e-02  3.0235348515909237 0.4 0.20178314529688934 0.20178314529688934 convective
2.2603304470648944e+33 1.3770985704747083e+34 3.8643074078302270e+15  6185712.497782595456  30996010531.404251099 2.1837194914066629e-02  3.1736532494750160 0.4 0.20128694050177809 0.20128694050177809 convective
2.3059922699585404e+33 1.3771851858197951e+34 3.2975005977360730e+15  5996908.558530350216  31845399411.814403534 1.6135585901875308e-02  3.3841733872868365 0.4 0.20324158119718050 0.20324158119718050 convective
2.3516540928521862e+33 1.3772481143018850e+34 2.7793223662201360e+15  5799870.190550087951  32762224545.914859772 1.1620489956464801e-02  3.5369816810112482 0.4 0.20067241240161723 0.20067241240161723 convective
2.3973159157458319e+33 1.3772924498632970e+34 2.3081411465152490e+15  5592675.024474414997  33760498600.572181702 8.1109461310294416e-03  3.5931530801885638 0.4 0.19209273121903098 0.19209273121903098 convective
2.4429777386394777e+33 1.3773228653228737e+34 1.8834934700727505e+15  5375808.012907982804  34858260328.908332825 5.4617473349368112e-03  3.8426906613078740 0.4 0.19270415475342359 0.19270415475342359 convective
2.4886395615331234e+33 1.3773432388208244e+34 1.5056287829950945e+15  5151407.853755984455  36079308133.246604919 3.5347434453325021e-03  4.1185681042730176 0.4 0.19221659771392358 0.19221659771392358 convective
2.5343013844267695e+33 1.3773561050230404e+34 1.1722734257048172e+15  4912888.974638054147  37455014044.914726257 2.1661882344311272e-03  4.4200367770240803 0.4 0.19065371378653712 0.19065371378653712 convective
2.5799632073204152e+33 1.3773636544586892e+34 8.8143767794334738e+14  4652522.387755916454  39034430487.140251160 1.2301879933875070e-03  4.8046268570775963 0.4 0.19031927867082535 0.19031927867082535 convective
2.6256250302140610e+33 1.3773677864144081e+34 6.3301083923997425e+14  4368066.489138784818  40891379908.780067444 6.3306951034035840e-04  5.3237253862687179 0.4 0.19153023238518710 0.19153023238518710 convective
2.6712868531077070e+33 1.3773698003535687e+34 4.2595109480963438e+14  4049135.721021828242  43143546453.601722717 2.8212399109412421e-04  6.0092936250846547 0.4 0.19364850376470544 0.19364850376470544 convective
2.7169486760013525e+33 1.3773706156260485e+34 2.5906841326295828e+14  3674823.481285304762  46011511756.328575134 9.9433217116538447e-05  6.9052407740937936 0.4 0.19614038675716988 0.19614038675716988 convective
2.7626104988949985e+33 1.3773708650066623e+34 1.3188193082533378e+14  3211219.337776809931  49965766860.648056030 2.2865345608824612e-05  8.6152827941641910 0.4 0.21011471803239309 0.21011471803239309 convective
2.8082723217886440e+33 1.3773709079691643e+34 4.4355764479798516e+13  2555250.056456699967  56390444703.239959717 1.8078481628151103e-06 10.9911878458056318 0.4 0.22121931685823107 0.22121931685823107 convective
2.8539295785000006e+33 1.3773709096900267e+34 3.1815736221906081e+04     6523.655454767436 103315420951.622406006 5.8257532355818658e-79  0.3738673733796745 0.4 0.12501249487439139 0.12501249487439139 convective
