2.8542150000000002e+21 2.0568452441562976e+23 1.7983969291255613e+17 17278844.194936361164      2068967.0108279076 7.2063434480498501e+01  0.98237106102136040 0.4 0.56333609486934777 0.40000000000000002 radiative 
1.1416882836562801e+31 7.1556209098040503e+32 1.7104402851839162e+17 16935699.173626612872   3302579654.1114711761 5.7057039648549065e+01  1.00593290953165249 0.4 0.51702849398116180 0.40000000000000002 radiative 
2.2833765670271388e+31 1.3246348992550307e+33 1.6596584607074845e+17 16732743.580622725189   4176643922.3432793617 5.0100165708220487e+01  1.02036534641957299 0.4 0.49428194007361520 0.40000000000000002 radiative 
3.4250648503979970e+31 1.8667943505102331e+33 1.6177098799832781e+17 16562235.481702854857   4795703171.2189760208 4.5122895982629160e+01  1.03325525976821053 0.4 0.47754071889013244 0.40000000000000002 radiative 
4.5667531337688565e+31 2.3589764029907796e+33 1.5805498363800054e+17 16409008.963966835290   5293441004.7731819153 4.1216675672640761e+01  1.04660486423740795 0.4 0.46486610657748945 0.40000000000000002 radiative 
5.7084414171397147e+31 2.8103564221470779e+33 1.5469535790337206e+17 16268521.889751937240   5716039023.8066358566 3.8039931495075898e+01  1.05910936312446480 0.4 0.45417146745879300 0.40000000000000002 radiative 
6.8501297005105729e+31 3.2287435660514391e+33 1.5157630470881325e+17 16136478.032801311463   6089140854.8297033310 3.5359914355129447e+01  1.07109855947805666 0.4 0.44515452572331832 0.40000000000000002 radiative 
7.9918179838814320e+31 3.6193214017473091e+33 1.4864239327459654e+17 16010847.373393459246   6425739918.7549867630 3.3050979351356737e+01  1.08272320825132073 0.4 0.43745634454284099 0.40000000000000002 radiative 
9.1335062672522911e+31 3.9851410586646422e+33 1.4587429988512890e+17 15890930.459387000650   6733296685.7418327332 3.1041009193771103e+01  1.09402381066034726 0.4 0.43068991788148098 0.40000000000000002 radiative 
1.0275194550623148e+32 4.3289861671115223e+33 1.4325003423736400e+17 15775924.773282485083   7017520274.6198759079 2.9271687645232323e+01  1.10505484892420625 0.4 0.42466424287904847 0.40000000000000002 radiative 
1.1416882833994008e+32 4.6534011212621532e+33 1.4074872229033608e+17 15665071.451067296788   7282991781.9647359848 2.7697383334640556e+01  1.11587125943756016 0.4 0.41927818467468642 0.40000000000000002 radiative 
1.2558571117364867e+32 4.9606910791568563e+33 1.3835060626516006e+17 15557655.282215645537   7533164282.0980157852 2.6282036417037318e+01  1.12652795998884536 0.4 0.41447534853309065 0.40000000000000002 radiative 
1.3700259400735724e+32 5.2529219627020684e+33 1.3603704464503149e+17 15453004.709688574076   7770362827.0873031616 2.4996897064494441e+01  1.13707942664304462 0.4 0.41022175574279129 0.40000000000000002 radiative 
1.4841947684106583e+32 5.5316553030502581e+33 1.3379661388241438e+17 15350745.298098124564   7996265139.0189418793 2.3821797078109896e+01  1.14755361294958091 0.4 0.40645712864856942 0.40000000000000002 radiative 
1.5983635967477442e+32 5.7977389390555607e+33 1.3162794215075320e+17 15250925.151765424758   8212336960.0241107941 2.2744444101214192e+01  1.15793679172336295 0.4 0.40307099760778148 0.40000000000000002 radiative 
1.7125324250848298e+32 6.0520219970685760e+33 1.2952652860789283e+17 15153462.056684903800   8419520212.4264097214 2.1752886276452895e+01  1.16822829998354050 0.4 0.39999168931051082 0.39999168931051082 convective
1.8267012534219159e+32 6.2953069657408317e+33 1.2748803333572653e+17 15058274.573802312836   8618684236.1993637085 2.0836908887078124e+01  1.17842772328481504 0.4 0.39716520889552798 0.39716520889552798 convective
1.9408700817590016e+32 6.5283488374153572e+33 1.2550830093948890e+17 14965283.008440144360   8810627822.9659328461 1.9987758700384681e+01  1.18853479919378247 0.4 0.39454976626159449 0.39454976626159449 convective
2.0550389100960873e+32 6.7518551081266955e+33 1.2358336054775594e+17 14874409.410297613591   8996079215.9985122681 1.9197907785980011e+01  1.19854941749380028 0.4 0.39211221730740731 0.39211221730740731 convective
2.1692077384331734e+32 6.9664857776008947e+33 1.2170942581244502e+17 14785577.573450665921   9175696110.2189331055 1.8460859065912118e+01  1.20847162037302169 0.4 0.38982563082076277 0.38982563082076277 convective
2.2833765667702591e+32 7.1728533492555083e+33 1.1988289490881488e+17 14698713.036351980641   9350065652.1984596252 1.7770985798931438e+01  1.21830160259696019 0.4 0.38766758776209248 0.38766758776209248 convective
2.3975453951073449e+32 7.3715228301996018e+33 1.1810035053546563e+17 14613743.081830965355   9519704440.1577949524 1.7123398719038544e+01  1.22565784945975298 0.4 0.38487103671996808 0.38487103671996808 convective
2.5117142234444310e+32 7.5630117312337475e+33 1.1635855991433878e+17 14530596.737093755975   9685058523.9670696259 1.6513835760935944e+01  1.22964944864535042 0.4 0.38117173899788143 0.38117173899788143 convective
2.6258830517815167e+32 7.7477900668500216e+33 1.1465447479071718e+17 14449204.773723220453   9846503405.1458587646 1.5938570275216932e+01  1.23351256603405735 0.4 0.37758223767638682 0.37758223767638682 convective
2.7400518801186024e+32 7.9262803552320136e+33 1.1298523143322510e+17 14369499.707678958774  10004344036.8631629944 1.5394334413880783e+01  1.23724207271535813 0.4 0.37408534880923344 0.37408534880923344 convective
2.8542207084556885e+32 8.0988576182548186e+33 1.1134815063382813e+17 14291415.799297297373  10158814823.9374275208 1.4878254991364315e+01  1.24083306504168722 0.4 0.37066522667044544 0.37066522667044544 convective
2.9683895367927742e+32 8.2658484299383766e+33 1.0974080363584334e+17 14214891.321363363415  10310084276.3793544769 1.4387816585346416e+01  1.24428092173865412 0.4 0.36730702688800715 0.36730702688800715 convective
3.0825583651298600e+32 8.4274930954606462e+33 1.0816328912310845e+17 14139926.963768633083  10458421561.1067295074 1.3921320739599311e+01  1.24758497079050157 0.4 0.36399778383775033 0.36399778383775033 convective
3.1967271934669460e+32 8.5839930336985511e+33 1.0661542516677888e+17 14066458.495793541893  10604038846.4389877319 1.3477005745896443e+01  1.25075402047506090 0.4 0.36073388833857745 0.36073388833857745 convective
3.3108960218040318e+32 8.7355513011192747e+33 1.0509615290054936e+17 13994386.193733401597  10747077037.9380054474 1.3053068707780739e+01  1.25379802813120000 0.4 0.35751481800020152 0.35751481800020152 convective
3.4250648501411175e+32 8.8823636081594758e+33 1.0360445075397781e+17 13923615.553349388763  10887671754.4919395447 1.2647907521056203e+01  1.25672654752515722 0.4 0.35434078650091044 0.35434078650091044 convective
3.5392336784782032e+32 9.0246183192252799e+33 1.0213933445248549e+17 13854057.289868529886  11025953328.3152141571 1.2260094270704878e+01  1.25954869308319362 0.4 0.35121249753718398 0.35121249753718398 convective
3.6534025068152897e+32 9.1624964526922843e+33 1.0069985701735690e+17 13785627.337983716279  11162046804.9485244751 1.1888352827966497e+01  1.26227310658515735 0.4 0.34813094696783820 0.34813094696783820 convective
3.7675713351523754e+32 9.2961716809055539e+33 9.9285108765739824e+16 13718246.851853696629  11296071943.2588348389 1.1531539903983216e+01  1.26490792617495229 0.4 0.34509726343084252 0.34509726343084252 convective
3.8817401634894611e+32 9.4258103301796257e+33 9.7894217310645312e+16 13651842.205103073269  11428143215.4393844604 1.1188628957680139e+01  1.27027899051845106 0.4 0.34287327636433124 0.34287327636433124 convective
3.9959089918265469e+32 9.5515713807985053e+33 9.6526347560947728e+16 13586344.990822315216  11558369807.0096778870 1.0858696468495191e+01  1.27728707223523430 0.4 0.34114056312546370 0.34114056312546370 convective
4.1100778201636326e+32 9.6736064670156704e+33 9.5180701721384640e+16 13521692.021567739546  11686855616.8154983521 1.0540910175120844e+01  1.28424248431687360 0.4 0.33943797982418311 0.33943797982418311 convective
4.2242466485007183e+32 9.7920598770540662e+33 9.3856519292556944e+16 13457825.329361530021  11813699257.0288944244 1.0234518954233053e+01  1.29115211025917165 0.4 0.33776713075356385 0.33776713075356385 convective
4.3384154768378048e+32 9.9070685531061100e+33 9.2553077070928784e+16 13394692.165691724047  11938994053.1481857300 9.9388440718989539e+00  1.29802221466568990 0.4 0.33612928658808983 0.33612928658808983 convective
4.4525843051748905e+32 1.0018762091333688e+34 9.1269689148827616e+16 13332245.001512220129  12062828043.9979667664 9.6532715878498170e+00  1.30485840154413202 0.4 0.33452533505221099 0.33452533505221099 convective
4.5667531335119762e+32 1.0127262741868157e+34 9.0005706914444096e+16 13270441.527242772281  12185283981.7290992737 9.3772457313309232e+00  1.31166557330538969 0.4 0.33295573983767807 0.33295573983767807 convective
4.6809219618490620e+32 1.0232685408810342e+34 8.8760519051832240e+16 13209244.652768993750  12306439331.8187160492 9.1102630985919042e+00  1.31844789032246257 0.4 0.33142050629480085 0.33142050629480085 convective
4.7950907901861477e+32 1.0335137650230540e+34 8.7533551540909280e+16 13148622.507442358881  12426366273.0702247620 8.8518675476688315e+00  1.32520873092018232 0.4 0.32991915269310734 0.32991915269310734 convective
4.9092596185232334e+32 1.0434719678168520e+34 8.6324267657455744e+16 13088548.440080193803  12545131697.6132984161 8.6016456870598557e+00  1.33195065168397386 0.4 0.32845068607435063 0.32845068607435063 convective
5.0234284468603199e+32 1.0531524358633514e+34 8.5132167973115424e+16 13029001.018965691328  12662797210.9038887024 8.3592228721056987e+00  1.33867534799705679 0.4 0.32701358191543517 0.32701358191543517 convective
5.1375972751974056e+32 1.0625637211604231e+34 8.3956790355395392e+16 12969964.031847894192  12779419131.7242088318 8.1242596370685387e+00  1.34538361474085599 0.4 0.32560576698823757 0.32560576698823757 convective
5.2517661035344913e+32 1.0717136411028849e+34 8.2797709967666000e+16 12911426.485941709951  12895048492.1827507019 7.8964485026280604e+00  1.35207530712230151 0.4 0.32422460495292232 0.32422460495292232 convective
5.3659349318715771e+32 1.0806092784825010e+34 8.1654539269160864e+16 12853382.607927899808  13009731037.7142734528 7.6755111082441028e+00  1.35874930162480578 0.4 0.32286688435579330 0.32286688435579330 convective
5.4801037602086628e+32 1.0892569814879834e+34 8.0526928014976896e+16 12795831.843953086063  13123507227.0798072815 7.4611956269338195e+00  1.36540345711684674 0.4 0.32152880882510620 0.32152880882510620 convective
5.5942725885457485e+32 1.0976623637049906e+34 7.9414563256074240e+16 12738778.859629750252  13236412232.3666572571 7.2532744267808527e+00  1.37203457619312785 0.4 0.32020598937114181 0.32020598937114181 convective
5.7084300000000008e+32 1.1058427384455834e+34 7.8316018772616880e+16 12681525.778326418251  13350694510.0329360962 7.0503009491475961e+00  1.37879200666468149 0.4 0.31899971995822746 0.31899971995822746 convective
6.1650482289364575e+32 1.1362922749664258e+34 7.4073154637153360e+16 12459979.170729206875  13790993044.0416316986 6.3008497040692468e+00  1.40501336474674687 0.4 0.31388885399560479 0.31388885399560479 convective
6.6216664578729150e+32 1.1635081422710786e+34 7.0045412247950648e+16 12244909.897146970034  14220490953.1443061829 5.6326365769681352e+00  1.43100261934732020 0.4 0.30899408288524388 0.30899408288524388 convective
7.0782846868093725e+32 1.1878376367586041e+34 6.6216225165364464e+16 12035645.501545999199  14641039767.2513198853 5.0351118413023928e+00  1.45680114198210386 0.4 0.30427515046002174 0.30427515046002174 convective
7.5349029157458300e+32 1.2095847638944773e+34 6.2571292454706704e+16 11831616.249127035961  15054218572.5618400574 4.4996208154735307e+00  1.48244179127642872 0.4 0.29969907965948128 0.29969907965948128 convective
7.9915211446822903e+32 1.2290510908781718e+34 5.9103406851052200e+16 11632574.247358921915  15461162044.3018226624 4.0195829705126114e+00  1.50792847532588037 0.4 0.29524373884943295 0.29524373884943295 convective
8.4481393736187478e+32 1.2464978767469701e+34 5.5806860042283264e+16 11438394.751793034375  15862792138.3134326935 3.5894102242557357e+00  1.53324729152185868 0.4 0.29088426741350415 0.29088426741350415 convective
8.9047576025552053e+32 1.2620978680110435e+34 5.2668573955204096e+16 11248631.223953502253  16260250150.3612174988 3.2033306849120580e+00  1.55840983398135657 0.4 0.28658650907864852 0.28658650907864852 convective
9.3613758314916628e+32 1.2760140117220594e+34 4.9676626194033696e+16 11062856.040524598211  16654625903.0555896759 2.8563682250995011e+00  1.58407190179993118 0.4 0.28243856044305821 0.28243856044305821 convective
9.8179940604281203e+32 1.2884000228901604e+34 4.6820315988830544e+16 10880663.307875547558  17046955457.6252822876 2.5442261347399189e+00  1.62360227409471802 0.4 0.28071831688802928 0.28071831688802928 convective
1.0274612289364581e+33 1.2994003844839626e+34 4.4090164195492592e+16 10701668.862060517073  17438221113.9173660278 2.2631854300820740e+00  1.64969021569082863 0.4 0.27660875132269203 0.27660875132269203 convective
1.0731230518301038e+33 1.3091503474305560e+34 4.1477913295757304e+16 10525510.268818631768  17829351410.3972282410 2.0100204527307670e+00  1.64117826904525299 0.4 0.26686419526226290 0.26686419526226290 convective
1.1187848747237496e+33 1.3177759306155056e+34 3.8976527397201560e+16 10351846.823573956266  18221221124.1485977173 1.7819277747895876e+00  1.66395413265412850 0.4 0.26237256294244127 0.26237256294244127 convective
1.1644466976173953e+33 1.3253939208828500e+34 3.6580192233241736e+16 10180359.551435505971  18614651270.8735313416 1.5764655895229334e+00  1.69857907305893319 0.4 0.25968982523312689 0.25968982523312689 convective
1.2101085205110411e+33 1.3321118730351022e+34 3.4284315163133696e+16 10010751.207197248936  19010409104.8924026489 1.3915015477200123e+00  1.73358788539363418 0.4 0.25694569016212687 0.25694569016212687 convective
1.2557703434046868e+33 1.3380281098332490e+34 3.2085525171972760e+16  9842746.275338098407  19409208119.1439323425 1.2251675360049821e+00  1.76904094751193619 0.4 0.25414828304294584 0.25414828304294584 convective
1.3014321662983328e+33 1.3432317219967521e+34 2.9981672870693720e+16  9676090.970021912828  19811708045.1851539612 1.0758202708758162e+00  1.80501674620980634 0.4 0.25131419327747062 0.25131419327747062 convective
1.3470939891919786e+33 1.3478025682035466e+34 2.7971830496070884e+16  9510553.235097503290  20218514853.1914367676 9.4200685549376828e-01  1.84161977933636445 0.4 0.24847139836080359 0.24847139836080359 convective
1.3927558120856243e+33 1.3518112750900423e+34 2.6056291910717988e+16  9345922.744098631665  20630180751.9564819336 8.2243464949032286e-01  1.87899147555000501 0.4 0.24566316725713397 0.24566316725713397 convective
1.4384176349792701e+33 1.3553194646255741e+34 2.4235983773683264e+16  9182078.153357103467  21047247598.9424057007 7.1594263217512011e-01  1.91727662305995028 0.4 0.24293408599103039 0.24293408599103039 convective
1.4840794578729158e+33 1.3583793612227472e+34 2.2506934350831832e+16  9019261.904720542952  21470554070.0751953125 6.2136727648465473e-01  1.95633549320075129 0.4 0.24020934201823943 0.24020934201823943 convective
1.5297412807665619e+33 1.3610351896610553e+34 2.0863274199427852e+16  8857504.873931113631  21901037917.4491424561 5.3751453797889914e-01  1.99605326468300559 0.4 0.23741636293164631 0.23741636293164631 convective
1.5754031036602073e+33 1.3633283980860105e+34 1.9299965806479432e+16  8696718.092465732247  22339720850.7515754700 4.6329323312635207e-01  2.04320002006489965 0.4 0.23529078899803002 0.23529078899803002 convective
1.6210649265538534e+33 1.3652980120620705e+34 1.7812723943579356e+16  8536729.091326348484  22787724847.1806068420 3.9771736473559993e-01  2.11553379863764102 0.4 0.23570111860825185 0.23570111860825185 convective
1.6667267494474991e+33 1.3669806345726386e+34 1.6398015666905272e+16  8377281.901039964519  23246272151.4450798035 3.3989981719712387e-01  2.08006887289752740 0.4 0.22402925598599621 0.22402925598599621 convective
1.7123885723411449e+33 1.3684104460200636e+34 1.5053060317219542e+16  8218037.051658616401  23716685275.7646179199 2.8904528078889041e-01  2.12589609376179789 0.4 0.22113567101570866 0.22113567101570866 convective
1.7580503952347909e+33 1.3696192042256405e+34 1.3775829519869310e+16  8058571.572759382427  24200386999.8696022034 2.4444265247542832e-01  2.18871303967558273 0.4 0.21968131497116578 0.21968131497116578 convective
1.8037122181284364e+33 1.3706362444296097e+34 1.2565047184786516e+16  7898378.993444387801  24698900371.0011558533 2.0545710594683322e-01  2.25420239308354153 0.4 0.21812749254358291 0.21812749254358291 convective
1.8493740410220824e+33 1.3714884792911573e+34 1.1420189506487818e+16  7736869.342340790667  25213848703.9111862183 1.7152198148350983e-01  2.32300048804445591 0.4 0.21656050483982567 0.21656050483982567 convective
1.8950358639157281e+33 1.3722003958277072e+34 1.0341486296317660e+16  7573370.504966885783  25746955814.4337196350 1.4213073082840513e-01  2.39599353126618775 0.4 0.21511078287245208 0.21511078287245208 convective
1.9406976868093739e+33 1.3727918296676049e+34 9.3292964028515320e+15  7407931.729452222586  26300145630.6020164490 1.1686671502452554e-01  2.47357621220551449 0.4 0.21378803092305748 0.21378803092305748 convective
1.9863595097030199e+33 1.3732776263630743e+34 8.3803560661015660e+15  7241135.680546970107  26875630568.2953567505 9.5306338843988425e-02  2.55535111275717641 0.4 0.21239147998287453 0.21239147998287453 convective
2.0320213325966654e+33 1.3736719141310885e+34 7.4908371157712350e+15  7072952.241909198463  27476186612.5038757324 7.7010037221851305e-02  2.70528165781332053 0.4 0.21589619221501402 0.21589619221501402 convective
2.0776831554903114e+33 1.3739878835705662e+34 6.6578035641900370e+15  6903016.783967966214  28105280373.6545372009 6.1576097833937429e-02  2.71653187993625478 0.4 0.20775138989498682 0.20775138989498682 convective
2.1233449783839572e+33 1.3742377876623712e+34 5.8792116063135710e+15  6730630.163923337124  28767069087.6110801697 4.8643740490157426e-02  2.75695188662347412 0.4 0.20161228106163662 0.20161228106163662 convective
2.1690068012776029e+33 1.3744329417693133e+34 5.1539096197234760e+15  6554758.725746366195  29466400615.6740531921 3.7893018546000815e-02  2.88132377091801128 0.4 0.20105503271709591 0.20105503271709591 convective
2.2146686241712487e+33 1.3745837236361474e+34 4.4816381646274630e+15  6374034.300179107115  30208813444.5808105469 2.9042330243596957e-02  3.01803423172638663 0.4 0.20059315008341694 0.20059315008341694 convective
2.2603304470648944e+33 1.3746992619243428e+34 3.8629062595065695e+15  6186696.357334814034  31000663826.3893432617 2.1842585932628545e-02  3.17163282282397985 0.4 0.20060784821837066 0.20060784821837066 convective
2.3059922699585404e+33 1.3747857590095249e+34 3.2962786747537690e+15  5992683.332893379964  31849598941.2918472290 1.6081946614774544e-02  3.39109844212862477 0.4 0.20380107327337724 0.20380107327337724 convective
2.3516540928521862e+33 1.3748486659055442e+34 2.7786520551101635e+15  5793572.789336131886  32765683064.5354843140 1.1564259337138954e-02  3.54916406112146632 0.4 0.20183947824249987 0.20183947824249987 convective
2.3973159157458319e+33 1.3748930236829440e+34 2.3079972484138985e+15  5588696.452766235918  33763123634.2017707825 8.0855882026716706e-03  3.60220522325264714 0.4 0.19277716033344536 0.19277716033344536 convective
2.4429777386394777e+33 1.3749233787892876e+34 1.8834670874530798e+15  5374928.796491634101  34860373726.7518539429 5.4577381938519841e-03  3.84491182709495893 0.4 0.19260290523869139 0.19260290523869139 convective
2.4886395615331234e+33 1.3749436608221135e+34 1.5053214254777815e+15  5149430.235813992098  36081025431.0002136230 3.5278563868526200e-03  4.12397976580683068 0.4 0.19238988896173465 0.19238988896173465 convective
2.5343013844267695e+33 1.3749565262575682e+34 1.1721558992733140e+15  4911593.686534553766  37456698697.2967224121 2.1633192161420521e-03  4.42409629758109357 0.4 0.19067827443447702 0.19067827443447702 convective
2.5799632073204152e+33 1.3749640887213039e+34 8.8152339957701850e+14  4652389.469042187557  39035473500.9660034180 1.2301516779784118e-03  4.80530537957674397 0.4 0.19005474287949051 0.19005474287949051 convective
2.6256250302140610e+33 1.3749682061073929e+34 6.3298342372749725e+14  4367191.518337245099  40892027546.0954895020 6.3241881408178716e-04  5.32762408419546851 0.4 0.19148166671755468 0.19148166671755468 convective
2.6712868531077070e+33 1.3749702214316265e+34 4.2596629207886088e+14  4049000.929098232184  43144123872.3266830444 2.8208710237732438e-04  6.01012210326315532 0.4 0.19337043609761648 0.19337043609761648 convective
2.7169486760013525e+33 1.3749710363347738e+34 2.5906276823963431e+14  3674086.580649388023  46011609364.8854675293 9.9324533077420286e-05  6.91055065288041703 0.4 0.19610222185869963 0.19610222185869963 convective
2.7626104988949985e+33 1.3749712858648040e+34 1.3188009819554562e+14  3210934.191871014424  49965496328.5247726440 2.2853455996306330e-05  8.61813997649745822 0.4 0.20988985371613697 0.20988985371613697 convective
2.8082723217886440e+33 1.3749713289233113e+34 4.4356690102410219e+13  2553570.043155672029  56391493471.5537490845 1.8003960109949794e-06 11.01762564639613018 0.4 0.22195286468071798 0.22195286468071798 convective
2.8539295785000006e+33 1.3749713306382074e+34 3.1889248741149135e+04     6521.391399248367 103297073247.4544372559 5.7272578448808975e-79  0.37313803368356474 0.4 0.12501249395143715 0.12501249395143715 convective
